0
0
0
-0.6
-0.66
-0.62
-0.63
-0.57
-0.54
-0.57
-0.47
-0.41
-0.5
-0.53
13.99
13.68
13.6
13.61
13.69
13.64
13.53
13.6
13.37
13.38
13.34
0
0
69601.07
69602.11
69603.11
69604.23
69605.44
69606.52
-0.54
13.41
13.45
13.33
69612.28
-0.36
-0.57
-0.12
-0.12
-0.49
-0.5
-0.48
-0.48
-0.43
-0.42
69626.64
69627.83
69628.95
0.2
0.6
0.6
1.4
2.2
3.2
3
69638.06
12.71
12.63
12.61
69642.56
69643.75
69644.84
69645.96
12.71
12.66
12.64
12.6
12.61
12.62
12.57
12.57
12.59
12.65
12.64
12.63
12.58
12.66
12.63
12.7
12.62
12.59
12.81
12.93
13.1
13.11
13.3
13.39
13.44
13.66
13.76
13.79
13.98
14.04
14.05
69681.84
14.2
14.27
14.43
14.51
14.62
14.67
14.67
14.62
14.61
14.77
14.83
14.88
15.08
15.06
15.18
15
14.96
1.6
69703.37
69704.48
69705.57
69706.69
69707.86
69708.95
4.4
14.69
14.6
14.58
14.87
14.97
15.06
14.92
14.82
14.89
14.75
69722.59
0.19
0.17
0.1
0.39
69728.22
69729.37
69730.49
69731.6
69732.68
69733.79
69734.99
69736.11
69737.21
69738.4
69739.61
69740.73
69741.83
13.87
13.76
13.77
13.73
13.71
13.63
13.48
13.42
13.31
13.22
69754.32
2.8
69756.62
69757.68
69758.85
69759.94
69761
69762.1
13.49
13.37
13.25
13.2
69767.64
69768.72
69769.79
69770.91
69771.99
12.87
12.85
12.93
13.01
69777.35
69778.41
69779.57
69780.61
69781.68
12.75
12.72
12.79
12.83
12.79
12.73
12.68
12.63
12.6
12.53
12.43
12.3
12.23
12.18
12.34
12.39
12.33
12.38
12.39
1.06
0.73
4.4
4.8
4.2
5.6
4.4
4.6
3
0.32
0.29
0.53
11.4
10.05
8
69818.29
69819.11
69819.78
69820.38
69820.95
69821.37
69821.43
69821.43
69821.43
0
0
0
69821.45
69821.47
-0.02
0.14
-0.02
0.05
0.11
-0.07
0.03
0.22
69821.54
69821.55
69821.57
69821.57
69821.58
69821.6
69821.6
0
0
0
0
0.01
0
-0.06
0.07
69821.67
69821.68
69821.68
69821.68
69821.68
69821.68
-0.31
-0.01
69821.68
69821.68
69821.68
69821.68
69821.68
69821.68
69821.68
-0.13
-0.02
-0.04
-0.01
-0.01
69821.68
69821.68
69821.68
69821.68
69821.69
69821.69
69821.69
69821.69
-0.59
-0.04
-0.04
-0.03
-0.05
-0.12
0.09
0.3
0.18
-0.77
69821.74
69821.74
69821.74
69821.74
69821.75
-0.76
69821.78
69821.78
69821.79
69821.8
69821.8
-0.03
0.07
0.05
0
-0.03
-0.04
0.04
0
0
0
69821.81
69821.81
69821.81